Timestamp (seconds)	 pupil X	 pupil Y	 Scene X	 Scene Y
Timestamp (seconds)	 a	 pupil b	 centerx	 centery	 theta
0.193	0	0	100	121	0	0	0	0
0.344	0	0	102	116	0	0	0	0
0.482	0	0	77	130	0	0	0	0
0.621	0	0	41	144	0	0	0	0
0.759	0	0	123	113	0	0	0	0
0.917	0	0	67	133	0	0	0	0
1.165	251	185	178	345	73	-160	-2147483648	-2147483648
1.349	240	210	178	329	62	-119	-2147483648	-2147483648
1.527	239	211	174	343	65	-132	-2147483648	-2147483648
1.666	0	0	180	338	65	-132	-2147483648	-2147483648
1.866	251	182	179	341	72	-159	-2147483648	-2147483648
2.099	260	220	190	318	70	-98	-2147483648	-2147483648
2.311	0	0	159	307	70	-98	-2147483648	-2147483648
2.507	160	225	149	312	11	-87	-2147483648	-2147483648
2.669	0	0	143	308	11	-87	-2147483648	-2147483648
2.883	135	192	142	307	-7	-115	-2147483648	-2147483648
3.030	0	0	200	319	-7	-115	-2147483648	-2147483648
3.240	262	229	197	323	65	-94	-2147483648	-2147483648
3.429	272	222	125	110	147	112	-2147483648	-2147483648
3.629	286	190	196	317	90	-127	-2147483648	-2147483648
3.812	274	222	191	334	83	-112	-2147483648	-2147483648
3.997	151	217	157	309	-6	-92	-2147483648	-2147483648
4.153	172	232	155	310	17	-78	-2147483648	-2147483648
4.345	179	180	161	311	18	-131	-2147483648	-2147483648
4.577	163	189	160	307	3	-118	-2147483648	-2147483648
4.722	0	0	173	313	3	-118	-2147483648	-2147483648
4.880	209	223	175	307	34	-84	-2147483648	-2147483648
5.092	245	180	69	131	176	49	-2147483648	-2147483648
5.272	297	182	201	324	96	-142	-2147483648	-2147483648
5.453	252	169	196	325	56	-156	-2147483648	-2147483648
5.639	257	185	197	315	60	-130	-2147483648	-2147483648
5.817	261	208	196	318	65	-110	-2147483648	-2147483648
5.992	271	182	198	321	73	-139	-2147483648	-2147483648
6.132	0	0	193	322	73	-139	-2147483648	-2147483648
6.316	173	228	157	312	16	-84	-2147483648	-2147483648
6.506	190	230	165	313	25	-83	-2147483648	-2147483648
6.708	187	195	170	313	17	-118	-2147483648	-2147483648
6.908	197	251	170	317	27	-66	-2147483648	-2147483648
7.102	249	238	192	317	57	-79	-2147483648	-2147483648
7.253	0	0	135	337	57	-79	-2147483648	-2147483648
7.442	288	212	151	100	137	112	-2147483648	-2147483648
7.585	0	0	139	331	137	112	-2147483648	-2147483648
7.726	0	0	139	336	137	112	-2147483648	-2147483648
8.050	136	204	153	316	-17	-112	-2147483648	-2147483648
8.200	163	234	155	311	8	-77	-2147483648	-2147483648
8.361	166	235	156	314	10	-79	-2147483648	-2147483648
8.504	0	0	155	312	10	-79	-2147483648	-2147483648
8.682	0	0	154	313	10	-79	-2147483648	-2147483648
8.854	162	235	154	312	8	-77	-2147483648	-2147483648
8.993	0	0	173	315	8	-77	-2147483648	-2147483648
9.174	253	241	197	325	56	-84	-2147483648	-2147483648
9.318	0	0	192	322	56	-84	-2147483648	-2147483648
9.461	0	0	190	312	56	-84	-2147483648	-2147483648
9.703	211	199	188	318	23	-119	-2147483648	-2147483648
9.879	179	220	199	321	-20	-101	-2147483648	-2147483648
10.025	253	254	179	310	74	-56	-2147483648	-2147483648
10.177	242	241	190	314	52	-73	-2147483648	-2147483648
10.371	287	213	194	318	93	-105	-2147483648	-2147483648
10.594	269	211	204	326	65	-115	-2147483648	-2147483648
10.876	270	240	193	323	77	-83	-2147483648	-2147483648
11.059	223	246	183	325	40	-79	-2147483648	-2147483648
11.264	261	221	124	355	137	-134	-2147483648	-2147483648
11.442	198	26	113	351	85	-325	-2147483648	-2147483648
11.583	0	0	52	41	85	-325	-2147483648	-2147483648
11.729	0	0	49	61	85	-325	-2147483648	-2147483648
11.869	0	0	69	139	85	-325	-2147483648	-2147483648
12.008	0	0	55	47	85	-325	-2147483648	-2147483648
12.151	0	0	62	27	85	-325	-2147483648	-2147483648
12.312	0	0	55	11	85	-325	-2147483648	-2147483648
12.448	0	0	194	354	85	-325	-2147483648	-2147483648
12.589	0	0	304	389	85	-325	-2147483648	-2147483648
12.857	319	264	175	338	144	-74	-2147483648	-2147483648
13.013	261	294	205	333	56	-39	-2147483648	-2147483648
13.210	251	205	190	321	61	-116	-2147483648	-2147483648
13.357	0	0	217	335	61	-116	-2147483648	-2147483648
13.498	0	0	220	332	61	-116	-2147483648	-2147483648
13.652	0	0	220	341	61	-116	-2147483648	-2147483648
13.830	274	204	162	352	112	-148	-2147483648	-2147483648
14.030	221	269	184	322	37	-53	-2147483648	-2147483648
14.172	0	0	185	310	37	-53	-2147483648	-2147483648
14.366	248	221	198	316	50	-95	-2147483648	-2147483648
14.544	174	256	159	314	15	-58	-2147483648	-2147483648
14.692	230	258	187	310	43	-52	-2147483648	-2147483648
14.864	273	277	207	324	66	-47	-2147483648	-2147483648
15.038	267	300	211	327	56	-27	-2147483648	-2147483648
15.217	466	64	207	326	259	-262	-2147483648	-2147483648
15.355	0	0	318	10	259	-262	-2147483648	-2147483648
15.502	0	0	321	7	259	-262	-2147483648	-2147483648
15.641	0	0	322	8	259	-262	-2147483648	-2147483648
15.780	0	0	325	27	259	-262	-2147483648	-2147483648
15.919	0	0	318	15	259	-262	-2147483648	-2147483648
16.060	0	0	327	10	259	-262	-2147483648	-2147483648
16.217	0	0	173	94	259	-262	-2147483648	-2147483648
16.425	199	163	372	115	-173	48	-2147483648	-2147483648
16.618	198	175	207	46	-9	129	-2147483648	-2147483648
16.768	223	217	99	79	124	138	-2147483648	-2147483648
16.979	220	283	191	363	29	-80	-2147483648	-2147483648
17.118	0	0	77	428	29	-80	-2147483648	-2147483648
17.283	0	0	91	418	29	-80	-2147483648	-2147483648
17.471	166	194	96	420	70	-226	-2147483648	-2147483648
17.608	0	0	183	58	70	-226	-2147483648	-2147483648
17.779	192	150	104	244	88	-94	-2147483648	-2147483648
17.954	164	144	61	64	103	80	-2147483648	-2147483648
18.115	0	0	-1	-1	103	80	-2147483648	-2147483648
18.257	0	0	147	271	103	80	-2147483648	-2147483648
18.430	211	170	135	285	76	-115	-2147483648	-2147483648
18.577	0	0	68	59	76	-115	-2147483648	-2147483648
18.749	0	0	-1	-1	76	-115	-2147483648	-2147483648
18.950	245	186	104	272	141	-86	-2147483648	-2147483648
19.132	181	201	99	287	82	-86	-2147483648	-2147483648
19.278	0	0	40	174	82	-86	-2147483648	-2147483648
19.463	199	179	190	348	9	-169	-2147483648	-2147483648
19.671	148	222	188	328	-40	-106	-2147483648	-2147483648
19.850	217	193	178	329	39	-136	-2147483648	-2147483648
20.040	236	195	70	65	166	130	-2147483648	-2147483648
20.244	272	306	183	58	89	248	-2147483648	-2147483648
20.433	228	169	125	355	103	-186	-2147483648	-2147483648
20.588	0	0	205	311	103	-186	-2147483648	-2147483648
20.781	229	267	113	143	116	124	-2147483648	-2147483648
20.922	0	0	163	333	116	124	-2147483648	-2147483648
21.093	201	280	169	334	32	-54	-2147483648	-2147483648
21.265	206	297	174	345	32	-48	-2147483648	-2147483648
21.413	213	301	178	341	35	-40	-2147483648	-2147483648
21.588	295	308	121	319	174	-11	-2147483648	-2147483648
21.737	0	0	146	435	174	-11	-2147483648	-2147483648
21.923	163	161	149	444	14	-283	-2147483648	-2147483648
22.122	0	0	120	309	14	-283	-2147483648	-2147483648
22.350	91	159	59	27	32	132	-2147483648	-2147483648
22.563	238	211	15	56	223	155	-2147483648	-2147483648
22.742	136	155	203	357	-67	-202	-2147483648	-2147483648
22.917	79	117	15	52	64	65	-2147483648	-2147483648
23.089	211	148	13	54	198	94	-2147483648	-2147483648
23.232	0	0	62	40	198	94	-2147483648	-2147483648
23.414	110	163	62	40	48	123	-2147483648	-2147483648
23.595	116	130	5	55	111	75	-2147483648	-2147483648
23.771	255	231	7	61	248	170	-2147483648	-2147483648
23.939	0	0	304	116	248	170	-2147483648	-2147483648
24.078	0	0	182	377	248	170	-2147483648	-2147483648
24.255	117	209	177	377	-60	-168	-2147483648	-2147483648
24.393	0	0	204	356	-60	-168	-2147483648	-2147483648
24.620	167	149	2	286	165	-137	-2147483648	-2147483648
24.776	0	0	45	46	165	-137	-2147483648	-2147483648
24.920	0	0	52	34	165	-137	-2147483648	-2147483648
25.095	140	178	169	25	-29	153	-2147483648	-2147483648
25.273	124	147	55	324	69	-177	-2147483648	-2147483648
25.458	216	133	34	95	182	38	-2147483648	-2147483648
25.637	212	194	72	91	140	103	-2147483648	-2147483648
25.819	209	176	172	311	37	-135	-2147483648	-2147483648
26.008	210	221	170	313	40	-92	-2147483648	-2147483648
26.183	200	216	166	313	34	-97	-2147483648	-2147483648
26.380	185	220	158	309	27	-89	-2147483648	-2147483648
26.536	0	0	133	311	27	-89	-2147483648	-2147483648
26.717	101	189	119	308	-18	-119	-2147483648	-2147483648
26.890	77	229	110	310	-33	-81	-2147483648	-2147483648
27.061	63	237	103	319	-40	-82	-2147483648	-2147483648
27.222	55	237	99	315	-44	-78	-2147483648	-2147483648
27.418	36	243	91	317	-55	-74	-2147483648	-2147483648
27.571	0	0	93	365	-55	-74	-2147483648	-2147483648
27.752	0	0	87	327	-55	-74	-2147483648	-2147483648
27.923	114	218	86	325	28	-107	-2147483648	-2147483648
28.064	64	228	106	315	-42	-87	-2147483648	-2147483648
28.203	70	251	106	316	-36	-65	-2147483648	-2147483648
28.357	68	250	105	317	-37	-67	-2147483648	-2147483648
28.501	72	229	109	306	-37	-77	-2147483648	-2147483648
28.675	70	222	108	309	-38	-87	-2147483648	-2147483648
28.853	283	277	181	319	102	-42	-2147483648	-2147483648
29.028	229	258	185	319	44	-61	-2147483648	-2147483648
29.186	0	0	114	313	44	-61	-2147483648	-2147483648
29.422	106	212	110	324	-4	-112	-2147483648	-2147483648
29.644	85	253	110	321	-25	-68	-2147483648	-2147483648
29.844	120	261	126	316	-6	-55	-2147483648	-2147483648
30.029	278	161	196	321	82	-160	-2147483648	-2147483648
30.258	220	202	178	309	42	-107	-2147483648	-2147483648
30.436	169	228	107	318	62	-90	-2147483648	-2147483648
30.619	0	0	105	319	62	-90	-2147483648	-2147483648
30.856	106	251	122	314	-16	-63	-2147483648	-2147483648
31.024	101	255	121	317	-20	-62	-2147483648	-2147483648
31.168	100	259	120	322	-20	-63	-2147483648	-2147483648
31.318	81	275	110	321	-29	-46	-2147483648	-2147483648
31.512	71	227	109	302	-38	-75	-2147483648	-2147483648
31.673	68	227	108	316	-40	-89	-2147483648	-2147483648
31.818	72	224	108	309	-36	-85	-2147483648	-2147483648
31.961	0	0	106	312	-36	-85	-2147483648	-2147483648
32.098	66	228	103	315	-37	-87	-2147483648	-2147483648
32.243	0	0	89	316	-37	-87	-2147483648	-2147483648
32.421	130	170	88	315	42	-145	-2147483648	-2147483648
32.627	127	179	88	315	39	-136	-2147483648	-2147483648
32.807	134	154	92	314	42	-160	-2147483648	-2147483648
32.995	130	151	76	98	54	53	-2147483648	-2147483648
33.175	170	159	67	100	103	59	-2147483648	-2147483648
33.395	208	142	99	307	109	-165	-2147483648	-2147483648
33.576	183	175	67	103	116	72	-2147483648	-2147483648
33.749	217	190	115	307	102	-117	-2147483648	-2147483648
33.963	266	179	119	88	147	91	-2147483648	-2147483648
34.192	283	156	117	75	166	81	-2147483648	-2147483648
34.445	0	0	150	299	166	81	-2147483648	-2147483648
34.630	174	259	147	39	27	220	-2147483648	-2147483648
34.836	78	205	114	309	-36	-104	-2147483648	-2147483648
35.024	0	0	100	316	-36	-104	-2147483648	-2147483648
35.175	0	0	99	315	-36	-104	-2147483648	-2147483648
35.317	0	0	89	89	-36	-104	-2147483648	-2147483648
35.506	242	162	38	96	204	66	-2147483648	-2147483648
35.649	0	0	108	68	204	66	-2147483648	-2147483648
35.834	281	160	95	310	186	-150	-2147483648	-2147483648
36.013	195	160	151	300	44	-140	-2147483648	-2147483648
36.209	166	159	101	307	65	-148	-2147483648	-2147483648
36.377	0	0	100	306	65	-148	-2147483648	-2147483648
36.570	177	199	99	307	78	-108	-2147483648	-2147483648
36.780	188	189	98	314	90	-125	-2147483648	-2147483648
36.953	0	0	99	313	90	-125	-2147483648	-2147483648
37.142	239	155	135	305	104	-150	-2147483648	-2147483648
37.333	234	181	111	72	123	109	-2147483648	-2147483648
37.543	241	175	99	309	142	-134	-2147483648	-2147483648
37.743	219	146	100	307	119	-161	-2147483648	-2147483648
37.958	64	252	93	128	-29	124	-2147483648	-2147483648
38.099	56	250	100	320	-44	-70	-2147483648	-2147483648
38.272	159	174	100	316	59	-142	-2147483648	-2147483648
38.476	207	158	99	310	108	-152	-2147483648	-2147483648
38.768	245	124	99	306	146	-182	-2147483648	-2147483648
38.960	67	239	185	40	-118	199	-2147483648	-2147483648
39.099	58	248	99	310	-41	-62	-2147483648	-2147483648
39.244	61	254	99	371	-38	-117	-2147483648	-2147483648
39.405	58	247	99	312	-41	-65	-2147483648	-2147483648
39.546	56	243	100	317	-44	-74	-2147483648	-2147483648
39.683	0	0	100	314	-44	-74	-2147483648	-2147483648
39.826	55	251	100	311	-45	-60	-2147483648	-2147483648
39.966	57	249	99	308	-42	-59	-2147483648	-2147483648
40.103	58	249	100	316	-42	-67	-2147483648	-2147483648
40.273	74	216	99	311	-25	-95	-2147483648	-2147483648
40.432	56	251	99	314	-43	-63	-2147483648	-2147483648
40.606	59	249	99	313	-40	-64	-2147483648	-2147483648
40.743	55	249	99	312	-44	-63	-2147483648	-2147483648
40.924	123	188	105	307	18	-119	-2147483648	-2147483648
41.162	211	145	104	81	107	64	-2147483648	-2147483648
41.377	199	119	112	67	87	52	-2147483648	-2147483648
41.527	0	0	61	81	87	52	-2147483648	-2147483648
41.701	251	140	61	80	190	60	-2147483648	-2147483648
41.884	307	223	151	288	156	-65	-2147483648	-2147483648
42.088	158	137	233	362	-75	-225	-2147483648	-2147483648
42.301	160	159	88	109	72	50	-2147483648	-2147483648
42.522	120	154	112	305	8	-151	-2147483648	-2147483648
42.723	134	169	123	301	11	-132	-2147483648	-2147483648
42.914	132	190	129	306	3	-116	-2147483648	-2147483648
43.090	112	195	104	311	8	-116	-2147483648	-2147483648
43.299	76	206	106	318	-30	-112	-2147483648	-2147483648
43.468	68	246	106	311	-38	-65	-2147483648	-2147483648
43.617	68	240	105	310	-37	-70	-2147483648	-2147483648
43.780	62	242	108	371	-46	-129	-2147483648	-2147483648
43.949	61	236	102	310	-41	-74	-2147483648	-2147483648
44.096	58	232	101	314	-43	-82	-2147483648	-2147483648
44.264	50	231	98	315	-48	-84	-2147483648	-2147483648
44.403	0	0	95	316	-48	-84	-2147483648	-2147483648
44.590	43	231	94	313	-51	-82	-2147483648	-2147483648
44.843	82	198	93	306	-11	-108	-2147483648	-2147483648
45.073	114	208	146	317	-32	-109	-2147483648	-2147483648
45.274	80	185	111	308	-31	-123	-2147483648	-2147483648
45.455	104	306	98	310	6	-4	-2147483648	-2147483648
45.640	123	155	95	308	28	-153	-2147483648	-2147483648
45.861	129	168	94	304	35	-136	-2147483648	-2147483648
46.070	151	172	95	311	56	-139	-2147483648	-2147483648
46.252	177	302	95	316	82	-14	-2147483648	-2147483648
46.432	60	185	95	314	-35	-129	-2147483648	-2147483648
46.611	57	194	95	316	-38	-122	-2147483648	-2147483648
46.824	146	162	142	300	4	-138	-2147483648	-2147483648
47.003	150	195	142	300	8	-105	-2147483648	-2147483648
47.184	0	0	144	315	8	-105	-2147483648	-2147483648
47.324	0	0	137	314	8	-105	-2147483648	-2147483648
47.515	133	156	91	310	42	-154	-2147483648	-2147483648
47.710	0	0	92	304	42	-154	-2147483648	-2147483648
47.904	0	0	95	303	42	-154	-2147483648	-2147483648
48.096	0	0	95	303	42	-154	-2147483648	-2147483648
48.310	166	185	95	303	71	-118	-2147483648	-2147483648
48.482	84	190	95	308	-11	-118	-2147483648	-2147483648
48.624	0	0	96	315	-11	-118	-2147483648	-2147483648
48.766	0	0	96	312	-11	-118	-2147483648	-2147483648
48.981	141	188	127	305	14	-117	-2147483648	-2147483648
49.227	121	144	147	317	-26	-173	-2147483648	-2147483648
49.489	154	150	147	291	7	-141	-2147483648	-2147483648
49.721	124	145	147	296	-23	-151	-2147483648	-2147483648
49.952	191	157	148	293	43	-136	-2147483648	-2147483648
Ahoy!: The calibration point was not set because the point-calculation failed.
50.245	130	143	147	299	-17	-156	-2147483648	-2147483648
50.473	151	147	30	86	121	61	-2147483648	-2147483648
50.665	155	178	51	107	104	71	-2147483648	-2147483648
50.841	154	238	96	320	58	-82	-2147483648	-2147483648
51.018	178	201	97	318	81	-117	-2147483648	-2147483648
51.156	0	0	97	313	81	-117	-2147483648	-2147483648
51.316	0	0	96	313	81	-117	-2147483648	-2147483648
51.498	99	184	97	312	2	-128	-2147483648	-2147483648
51.703	175	163	97	313	78	-150	-2147483648	-2147483648
51.917	142	169	98	308	44	-139	-2147483648	-2147483648
52.101	173	214	98	309	75	-95	-2147483648	-2147483648
52.242	0	0	98	315	75	-95	-2147483648	-2147483648
52.428	175	158	97	314	78	-156	-2147483648	-2147483648
52.640	195	180	97	305	98	-125	-2147483648	-2147483648
52.829	189	185	98	317	91	-132	-2147483648	-2147483648
53.121	219	188	103	305	116	-117	-2147483648	-2147483648
53.341	195	162	95	312	100	-150	-2147483648	-2147483648
53.482	0	0	98	310	100	-150	-2147483648	-2147483648
53.660	173	135	98	309	75	-174	-2147483648	-2147483648
53.837	205	163	26	101	179	62	-2147483648	-2147483648
54.031	0	0	98	307	179	62	-2147483648	-2147483648
54.226	0	0	98	307	179	62	-2147483648	-2147483648
54.404	156	176	98	309	58	-133	-2147483648	-2147483648
54.590	143	131	98	315	45	-184	-2147483648	-2147483648
54.803	197	172	61	96	136	76	-2147483648	-2147483648
54.984	206	199	97	314	109	-115	-2147483648	-2147483648
55.182	196	165	98	316	98	-151	-2147483648	-2147483648
55.406	204	268	97	309	107	-41	-2147483648	-2147483648
55.585	172	263	97	310	75	-47	-2147483648	-2147483648
55.807	130	268	82	341	48	-73	-2147483648	-2147483648
Ahoy!: The calibration point was not set because the point-calculation failed.
55.969	0	0	81	333	48	-73	-2147483648	-2147483648
56.111	0	0	85	343	48	-73	-2147483648	-2147483648
56.248	0	0	84	340	48	-73	-2147483648	-2147483648
56.391	0	0	83	338	48	-73	-2147483648	-2147483648
56.568	130	199	82	333	48	-134	-2147483648	-2147483648
56.744	116	212	81	335	35	-123	-2147483648	-2147483648
56.918	172	262	90	312	82	-50	-2147483648	-2147483648
57.118	195	260	93	314	102	-54	-2147483648	-2147483648
57.327	62	273	101	320	-39	-47	-2147483648	-2147483648
57.466	60	272	100	322	-40	-50	-2147483648	-2147483648
57.614	61	268	99	319	-38	-51	-2147483648	-2147483648
57.780	57	270	99	327	-42	-57	-2147483648	-2147483648
57.916	58	268	99	326	-41	-58	-2147483648	-2147483648
58.058	54	270	99	323	-45	-53	-2147483648	-2147483648
58.216	58	273	99	323	-41	-50	-2147483648	-2147483648
58.368	57	273	99	322	-42	-49	-2147483648	-2147483648
58.511	58	273	99	320	-41	-47	-2147483648	-2147483648
58.656	61	275	99	325	-38	-50	-2147483648	-2147483648
58.915	68	328	138	326	-70	2	-2147483648	-2147483648
59.095	172	285	157	331	15	-46	-2147483648	-2147483648
59.257	178	295	159	334	19	-39	-2147483648	-2147483648
59.418	170	302	158	333	12	-31	-2147483648	-2147483648
59.591	176	294	158	332	18	-38	-2147483648	-2147483648
calibration points number: 1 (total 9)
59.776	173	297	158	334	15	-37	-2147483648	-2147483648
59.920	0	0	158	331	15	-37	-2147483648	-2147483648
60.098	172	294	158	331	14	-37	-2147483648	-2147483648
60.246	133	268	138	315	-5	-47	-2147483648	-2147483648
60.392	132	263	137	320	-5	-57	-2147483648	-2147483648
60.535	117	264	130	321	-13	-57	-2147483648	-2147483648
60.675	85	264	112	319	-27	-55	-2147483648	-2147483648
60.825	81	263	112	316	-31	-53	-2147483648	-2147483648
60.970	86	257	114	315	-28	-58	-2147483648	-2147483648
61.122	86	256	114	312	-28	-56	-2147483648	-2147483648
61.302	90	258	114	320	-24	-62	-2147483648	-2147483648
61.449	87	258	114	320	-27	-62	-2147483648	-2147483648
61.594	88	256	115	319	-27	-63	-2147483648	-2147483648
61.777	87	262	114	317	-27	-55	-2147483648	-2147483648
61.928	91	258	115	315	-24	-57	-2147483648	-2147483648
62.069	88	257	114	316	-26	-59	-2147483648	-2147483648
62.242	82	262	114	313	-32	-51	-2147483648	-2147483648
62.431	151	226	190	318	-39	-92	-2147483648	-2147483648
62.636	230	225	192	327	38	-102	-2147483648	-2147483648
62.856	141	240	117	319	24	-79	-2147483648	-2147483648
63.019	85	263	113	319	-28	-56	-2147483648	-2147483648
63.163	86	260	113	316	-27	-56	-2147483648	-2147483648
63.350	0	0	176	317	-27	-56	-2147483648	-2147483648
63.538	0	0	188	316	-27	-56	-2147483648	-2147483648
63.706	0	0	191	318	-27	-56	-2147483648	-2147483648
63.880	243	269	191	321	52	-52	-2147483648	-2147483648
64.043	247	268	191	323	56	-55	-2147483648	-2147483648
64.218	252	273	191	325	61	-52	-2147483648	-2147483648
64.356	0	0	190	323	61	-52	-2147483648	-2147483648
Ahoy!: The calibration point was not set because the point-calculation failed.
64.519	242	264	191	321	51	-57	-2147483648	-2147483648
64.674	246	267	191	320	55	-53	-2147483648	-2147483648
64.869	245	268	190	320	55	-52	-2147483648	-2147483648
65.088	178	336	187	318	-9	18	-2147483648	-2147483648
65.267	119	259	131	322	-12	-63	-2147483648	-2147483648
65.425	119	258	130	319	-11	-61	-2147483648	-2147483648
65.607	98	223	129	313	-31	-90	-2147483648	-2147483648
65.743	0	0	129	314	-31	-90	-2147483648	-2147483648
65.891	0	0	129	314	-31	-90	-2147483648	-2147483648
66.028	0	0	199	327	-31	-90	-2147483648	-2147483648
66.205	153	283	210	328	-57	-45	-2147483648	-2147483648
66.423	206	223	175	358	31	-135	-2147483648	-2147483648
66.601	0	0	169	368	31	-135	-2147483648	-2147483648
66.760	0	0	207	329	31	-135	-2147483648	-2147483648
66.935	326	269	195	342	131	-73	-2147483648	-2147483648
67.079	319	265	198	340	121	-75	-2147483648	-2147483648
67.259	252	291	181	354	71	-63	-2147483648	-2147483648
67.452	0	0	-1	-1	71	-63	-2147483648	-2147483648
Ahoy!: The calibration point was not set because the point-calculation failed.
67.638	394	112	204	327	190	-215	-2147483648	-2147483648
67.815	336	229	286	5	50	224	-2147483648	-2147483648
68.035	235	221	201	338	34	-117	-2147483648	-2147483648
68.355	286	267	-1	-1	287	268	-2147483648	-2147483648
68.493	0	0	175	356	287	268	-2147483648	-2147483648
68.697	327	271	196	339	131	-68	-2147483648	-2147483648
68.907	232	261	188	322	44	-61	-2147483648	-2147483648
69.107	86	238	133	322	-47	-84	-2147483648	-2147483648
69.270	125	252	133	314	-8	-62	-2147483648	-2147483648
69.420	0	0	141	317	-8	-62	-2147483648	-2147483648
69.572	140	258	140	318	0	-60	-2147483648	-2147483648
69.735	150	261	145	315	5	-54	-2147483648	-2147483648
69.968	132	316	134	308	-2	8	-2147483648	-2147483648
70.112	0	0	137	314	-2	8	-2147483648	-2147483648
70.315	136	248	139	315	-3	-67	-2147483648	-2147483648
70.473	140	251	139	317	1	-66	-2147483648	-2147483648
70.654	141	251	140	312	1	-61	-2147483648	-2147483648
70.823	138	249	140	314	-2	-65	-2147483648	-2147483648
70.976	139	252	140	310	-1	-58	-2147483648	-2147483648
71.124	142	251	140	312	2	-61	-2147483648	-2147483648
71.269	140	251	140	311	0	-60	-2147483648	-2147483648
71.411	0	0	200	319	0	-60	-2147483648	-2147483648
71.584	317	230	201	339	116	-109	-2147483648	-2147483648
71.773	321	273	174	354	147	-81	-2147483648	-2147483648
71.951	357	282	173	354	184	-72	-2147483648	-2147483648
72.129	332	260	247	413	85	-153	-2147483648	-2147483648
72.303	352	295	185	347	167	-52	-2147483648	-2147483648
72.466	342	270	203	415	139	-145	-2147483648	-2147483648
72.609	0	0	196	346	139	-145	-2147483648	-2147483648
72.751	0	0	265	414	139	-145	-2147483648	-2147483648
72.904	0	0	259	412	139	-145	-2147483648	-2147483648
73.048	0	0	258	414	139	-145	-2147483648	-2147483648
73.227	121	237	254	415	-133	-178	-2147483648	-2147483648
73.368	142	250	141	317	1	-67	-2147483648	-2147483648
73.577	253	225	189	348	64	-123	-2147483648	-2147483648
73.753	234	162	148	343	86	-181	-2147483648	-2147483648
73.932	342	269	87	60	255	209	-2147483648	-2147483648
74.097	338	260	193	335	145	-75	-2147483648	-2147483648
calibration points number: 2 (total 9)
74.276	358	270	191	344	167	-74	-2147483648	-2147483648
74.433	347	275	210	412	137	-137	-2147483648	-2147483648
74.602	344	273	198	352	146	-79	-2147483648	-2147483648
74.834	0	0	199	336	146	-79	-2147483648	-2147483648
74.975	0	0	201	328	146	-79	-2147483648	-2147483648
75.153	130	234	257	408	-127	-174	-2147483648	-2147483648
75.340	130	246	137	313	-7	-67	-2147483648	-2147483648
75.514	125	249	137	319	-12	-70	-2147483648	-2147483648
75.654	0	0	136	316	-12	-70	-2147483648	-2147483648
75.792	0	0	136	315	-12	-70	-2147483648	-2147483648
75.967	128	250	136	314	-8	-64	-2147483648	-2147483648
76.141	262	198	34	154	228	44	-2147483648	-2147483648
76.315	223	199	129	337	94	-138	-2147483648	-2147483648
76.491	213	178	79	135	134	43	-2147483648	-2147483648
76.653	0	0	67	138	134	43	-2147483648	-2147483648
Ahoy!: The calibration point was not set because the point-calculation failed.
76.801	0	0	64	139	134	43	-2147483648	-2147483648
76.951	0	0	65	138	134	43	-2147483648	-2147483648
77.104	0	0	67	138	134	43	-2147483648	-2147483648
77.287	306	210	67	138	239	72	-2147483648	-2147483648
77.530	319	218	198	336	121	-118	-2147483648	-2147483648
77.710	153	205	198	303	-45	-98	-2147483648	-2147483648
77.854	139	249	141	318	-2	-69	-2147483648	-2147483648
78.041	132	250	137	317	-5	-67	-2147483648	-2147483648
78.293	118	186	138	303	-20	-117	-2147483648	-2147483648
78.459	131	220	135	306	-4	-86	-2147483648	-2147483648
78.614	132	225	136	304	-4	-79	-2147483648	-2147483648
78.774	131	247	138	314	-7	-67	-2147483648	-2147483648
78.925	138	247	137	315	1	-68	-2147483648	-2147483648
79.074	132	248	137	313	-5	-65	-2147483648	-2147483648
79.269	134	185	139	305	-5	-120	-2147483648	-2147483648
79.427	0	0	140	305	-5	-120	-2147483648	-2147483648
79.570	0	0	160	325	-5	-120	-2147483648	-2147483648
79.720	141	220	139	304	2	-84	-2147483648	-2147483648
79.888	123	223	131	302	-8	-79	-2147483648	-2147483648
80.063	125	225	131	301	-6	-76	-2147483648	-2147483648
80.226	120	222	131	303	-11	-81	-2147483648	-2147483648
80.396	0	0	131	305	-11	-81	-2147483648	-2147483648
80.541	121	224	131	310	-10	-86	-2147483648	-2147483648
80.727	121	223	131	305	-10	-82	-2147483648	-2147483648
80.887	0	0	124	92	-10	-82	-2147483648	-2147483648
81.037	0	0	65	97	-10	-82	-2147483648	-2147483648
81.222	208	163	49	101	159	62	-2147483648	-2147483648
81.471	232	205	61	94	171	111	-2147483648	-2147483648
81.622	0	0	111	299	171	111	-2147483648	-2147483648
81.767	0	0	114	301	171	111	-2147483648	-2147483648
Ahoy!: The calibration point was not set because the point-calculation failed.
81.967	238	154	-1	-1	239	155	-2147483648	-2147483648
82.158	246	150	106	299	140	-149	-2147483648	-2147483648
82.388	123	192	133	298	-10	-106	-2147483648	-2147483648
82.565	108	191	132	309	-24	-118	-2147483648	-2147483648
82.749	170	151	131	307	39	-156	-2147483648	-2147483648
82.936	207	206	61	123	146	83	-2147483648	-2147483648
83.118	188	186	122	315	66	-129	-2147483648	-2147483648
83.257	0	0	120	319	66	-129	-2147483648	-2147483648
83.463	187	191	129	317	58	-126	-2147483648	-2147483648
83.698	158	217	134	324	24	-107	-2147483648	-2147483648
83.913	158	190	134	313	24	-123	-2147483648	-2147483648
84.122	124	226	127	318	-3	-92	-2147483648	-2147483648
84.331	95	277	117	328	-22	-51	-2147483648	-2147483648
84.522	75	206	119	316	-44	-110	-2147483648	-2147483648
84.673	99	255	119	316	-20	-61	-2147483648	-2147483648
84.874	147	180	118	303	29	-123	-2147483648	-2147483648
85.032	0	0	121	315	29	-123	-2147483648	-2147483648
85.265	99	252	120	312	-21	-60	-2147483648	-2147483648
85.430	92	255	117	318	-25	-63	-2147483648	-2147483648
85.609	251	197	191	313	60	-116	-2147483648	-2147483648
85.793	249	235	187	315	62	-80	-2147483648	-2147483648
85.946	232	250	182	314	50	-64	-2147483648	-2147483648
86.143	230	209	118	322	112	-113	-2147483648	-2147483648
86.312	0	0	116	317	112	-113	-2147483648	-2147483648
86.491	173	168	115	312	58	-144	-2147483648	-2147483648
86.688	145	146	115	313	30	-167	-2147483648	-2147483648
86.868	118	226	59	119	59	107	-2147483648	-2147483648
87.046	207	217	182	310	25	-93	-2147483648	-2147483648
87.190	0	0	181	313	25	-93	-2147483648	-2147483648
87.346	226	231	180	319	46	-88	-2147483648	-2147483648
87.566	211	199	180	317	31	-118	-2147483648	-2147483648
87.764	132	200	154	310	-22	-110	-2147483648	-2147483648
87.978	101	187	138	302	-37	-115	-2147483648	-2147483648
88.155	0	0	145	312	-37	-115	-2147483648	-2147483648
88.352	135	250	141	311	-6	-61	-2147483648	-2147483648
88.552	152	247	188	312	-36	-65	-2147483648	-2147483648
88.692	0	0	186	312	-36	-65	-2147483648	-2147483648
88.874	150	262	184	316	-34	-54	-2147483648	-2147483648
89.025	224	242	181	316	43	-74	-2147483648	-2147483648
89.167	224	246	180	316	44	-70	-2147483648	-2147483648
89.323	224	244	180	311	44	-67	-2147483648	-2147483648
89.470	224	245	180	311	44	-66	-2147483648	-2147483648
89.615	223	244	180	308	43	-64	-2147483648	-2147483648
calibration points number: 3 (total 9)
89.801	222	246	180	314	42	-68	-2147483648	-2147483648
89.965	224	248	180	317	44	-69	-2147483648	-2147483648
90.108	222	247	180	315	42	-68	-2147483648	-2147483648
90.285	107	211	110	313	-3	-102	-2147483648	-2147483648
90.433	88	256	114	313	-26	-57	-2147483648	-2147483648
90.574	0	0	114	310	-26	-57	-2147483648	-2147483648
90.728	87	252	114	317	-27	-65	-2147483648	-2147483648
90.896	136	249	138	317	-2	-68	-2147483648	-2147483648
91.062	137	249	139	313	-2	-64	-2147483648	-2147483648
91.246	121	201	134	308	-13	-107	-2147483648	-2147483648
91.498	112	172	133	303	-21	-131	-2147483648	-2147483648
91.661	0	0	133	302	-21	-131	-2147483648	-2147483648
91.844	154	183	133	305	21	-122	-2147483648	-2147483648
92.018	116	186	134	308	-18	-122	-2147483648	-2147483648
92.194	248	148	133	309	115	-161	-2147483648	-2147483648
92.387	0	0	133	295	115	-161	-2147483648	-2147483648
92.643	130	179	133	295	-3	-116	-2147483648	-2147483648
92.863	125	219	133	302	-8	-83	-2147483648	-2147483648
93.024	95	255	118	320	-23	-65	-2147483648	-2147483648
93.162	96	255	117	316	-21	-61	-2147483648	-2147483648
93.339	145	185	115	315	30	-130	-2147483648	-2147483648
93.485	0	0	127	311	30	-130	-2147483648	-2147483648
93.654	171	259	133	310	38	-51	-2147483648	-2147483648
93.791	140	249	140	309	0	-60	-2147483648	-2147483648
93.929	144	253	142	318	2	-65	-2147483648	-2147483648
94.070	140	252	142	314	-2	-62	-2147483648	-2147483648
94.228	144	252	142	310	2	-58	-2147483648	-2147483648
94.384	133	248	142	314	-9	-66	-2147483648	-2147483648
94.521	0	0	134	302	-9	-66	-2147483648	-2147483648
94.698	130	221	133	300	-3	-79	-2147483648	-2147483648
94.864	119	219	125	297	-6	-78	-2147483648	-2147483648
95.047	123	221	130	298	-7	-77	-2147483648	-2147483648
95.183	0	0	132	307	-7	-77	-2147483648	-2147483648
95.423	125	222	132	304	-7	-82	-2147483648	-2147483648
95.616	155	223	153	308	2	-85	-2147483648	-2147483648
95.823	245	156	47	114	198	42	-2147483648	-2147483648
96.055	377	164	144	77	233	87	-2147483648	-2147483648
96.233	280	140	355	75	-75	65	-2147483648	-2147483648
96.388	0	0	144	76	-75	65	-2147483648	-2147483648
96.597	331	181	143	76	188	105	-2147483648	-2147483648
96.757	0	0	182	293	188	105	-2147483648	-2147483648
Ahoy!: The calibration point was not set because the point-calculation failed.
96.963	341	231	185	294	156	-63	-2147483648	-2147483648
97.112	0	0	246	377	156	-63	-2147483648	-2147483648
97.292	233	148	257	379	-24	-231	-2147483648	-2147483648
97.524	205	163	133	295	72	-132	-2147483648	-2147483648
97.698	151	132	133	303	18	-171	-2147483648	-2147483648
97.886	126	185	86	95	40	90	-2147483648	-2147483648
98.061	110	150	110	312	0	-162	-2147483648	-2147483648
98.203	0	0	52	115	0	-162	-2147483648	-2147483648
98.384	163	199	35	116	128	83	-2147483648	-2147483648
98.562	89	187	125	303	-36	-116	-2147483648	-2147483648
98.741	122	222	130	302	-8	-80	-2147483648	-2147483648
98.887	126	223	133	303	-7	-80	-2147483648	-2147483648
99.023	0	0	128	101	-7	-80	-2147483648	-2147483648
99.212	235	173	63	97	172	76	-2147483648	-2147483648
99.412	292	155	141	76	151	79	-2147483648	-2147483648
99.621	257	159	145	302	112	-143	-2147483648	-2147483648
99.786	0	0	142	76	112	-143	-2147483648	-2147483648
99.984	280	137	142	77	138	60	-2147483648	-2147483648
100.189	285	184	142	77	143	107	-2147483648	-2147483648
100.376	209	127	142	77	67	50	-2147483648	-2147483648
Ahoy!: The calibration point was not set because the point-calculation failed.
100.565	295	157	142	76	153	81	-2147483648	-2147483648
100.703	0	0	146	300	153	81	-2147483648	-2147483648
101.015	196	171	148	301	48	-130	-2147483648	-2147483648
101.233	179	160	132	301	47	-141	-2147483648	-2147483648
101.463	147	186	132	303	15	-117	-2147483648	-2147483648
101.669	117	217	132	304	-15	-87	-2147483648	-2147483648
101.805	0	0	133	305	-15	-87	-2147483648	-2147483648
101.983	182	151	132	304	50	-153	-2147483648	-2147483648
Ahoy!: The calibration point was not set because the point-calculation failed.
102.224	137	167	132	297	5	-130	-2147483648	-2147483648
102.443	170	185	132	303	38	-118	-2147483648	-2147483648
102.629	122	224	131	305	-9	-81	-2147483648	-2147483648
102.773	90	254	115	319	-25	-65	-2147483648	-2147483648
102.943	93	256	115	314	-22	-58	-2147483648	-2147483648
103.134	177	189	160	304	17	-115	-2147483648	-2147483648
103.326	263	164	44	109	219	55	-2147483648	-2147483648
103.511	0	0	115	83	219	55	-2147483648	-2147483648
103.732	279	191	144	303	135	-112	-2147483648	-2147483648
103.921	287	188	142	77	145	111	-2147483648	-2147483648
104.101	293	159	148	308	145	-149	-2147483648	-2147483648
104.272	245	150	146	306	99	-156	-2147483648	-2147483648
104.472	284	172	141	74	143	98	-2147483648	-2147483648
Ahoy!: The calibration point was not set because the point-calculation failed.
104.689	296	184	141	73	155	111	-2147483648	-2147483648
104.925	259	172	147	309	112	-137	-2147483648	-2147483648
105.086	0	0	128	306	112	-137	-2147483648	-2147483648
105.333	245	150	131	305	114	-155	-2147483648	-2147483648
105.586	204	188	107	120	97	68	-2147483648	-2147483648
105.773	179	162	131	311	48	-149	-2147483648	-2147483648
106.001	120	251	130	309	-10	-58	-2147483648	-2147483648
106.157	120	249	131	314	-11	-65	-2147483648	-2147483648
106.309	121	252	130	310	-9	-58	-2147483648	-2147483648
106.455	114	247	130	320	-16	-73	-2147483648	-2147483648
106.628	120	247	130	317	-10	-70	-2147483648	-2147483648
106.865	299	250	202	324	97	-74	-2147483648	-2147483648
107.012	0	0	205	322	97	-74	-2147483648	-2147483648
107.206	211	194	205	324	6	-130	-2147483648	-2147483648
107.343	0	0	206	320	6	-130	-2147483648	-2147483648
107.526	202	168	205	326	-3	-158	-2147483648	-2147483648
107.709	285	193	80	133	205	60	-2147483648	-2147483648
Ahoy!: The calibration point was not set because the point-calculation failed.
107.889	287	248	204	329	83	-81	-2147483648	-2147483648
108.030	0	0	204	323	83	-81	-2147483648	-2147483648
108.235	145	248	162	320	-17	-72	-2147483648	-2147483648
108.488	125	251	131	311	-6	-60	-2147483648	-2147483648
108.668	118	254	130	314	-12	-60	-2147483648	-2147483648
108.870	122	235	130	313	-8	-78	-2147483648	-2147483648
109.022	0	0	199	323	-8	-78	-2147483648	-2147483648
109.181	0	0	204	323	-8	-78	-2147483648	-2147483648
109.361	151	207	204	320	-53	-113	-2147483648	-2147483648
109.498	0	0	204	318	-53	-113	-2147483648	-2147483648
109.676	223	214	204	318	19	-104	-2147483648	-2147483648
109.852	297	282	204	318	93	-36	-2147483648	-2147483648
110.005	0	0	204	324	93	-36	-2147483648	-2147483648
110.184	212	189	204	324	8	-135	-2147483648	-2147483648
110.381	252	250	204	323	48	-73	-2147483648	-2147483648
110.570	205	184	204	321	1	-137	-2147483648	-2147483648
110.746	220	170	203	327	17	-157	-2147483648	-2147483648
Ahoy!: The calibration point was not set because the point-calculation failed.
110.938	199	180	204	317	-5	-137	-2147483648	-2147483648
111.100	286	253	203	323	83	-70	-2147483648	-2147483648
111.305	247	301	146	317	101	-16	-2147483648	-2147483648
111.488	130	218	130	317	0	-99	-2147483648	-2147483648
111.678	238	164	130	314	108	-150	-2147483648	-2147483648
111.889	159	144	118	312	41	-168	-2147483648	-2147483648
112.074	137	171	92	124	45	47	-2147483648	-2147483648
112.261	113	147	100	318	13	-171	-2147483648	-2147483648
112.453	174	217	42	154	132	63	-2147483648	-2147483648
112.598	150	233	82	337	68	-104	-2147483648	-2147483648
112.770	169	266	83	347	86	-81	-2147483648	-2147483648
112.949	221	199	102	324	119	-125	-2147483648	-2147483648
113.153	166	177	103	325	63	-148	-2147483648	-2147483648
113.335	87	218	114	312	-27	-94	-2147483648	-2147483648
113.480	0	0	119	314	-27	-94	-2147483648	-2147483648
113.674	127	221	128	314	-1	-93	-2147483648	-2147483648
113.818	0	0	135	318	-1	-93	-2147483648	-2147483648
113.958	117	227	129	301	-12	-74	-2147483648	-2147483648
114.168	90	253	118	313	-28	-60	-2147483648	-2147483648
114.437	155	236	97	320	58	-84	-2147483648	-2147483648
114.582	0	0	84	324	58	-84	-2147483648	-2147483648
114.724	0	0	83	320	58	-84	-2147483648	-2147483648
114.893	172	182	83	327	89	-145	-2147483648	-2147483648
115.078	147	182	88	318	59	-136	-2147483648	-2147483648
115.252	163	178	86	319	77	-141	-2147483648	-2147483648
115.404	0	0	84	319	77	-141	-2147483648	-2147483648
115.627	80	192	86	313	-6	-121	-2147483648	-2147483648
115.889	136	176	81	313	55	-137	-2147483648	-2147483648
116.100	64	165	76	320	-12	-155	-2147483648	-2147483648
116.287	62	233	24	30	38	203	-2147483648	-2147483648
116.492	126	334	136	348	-10	-14	-2147483648	-2147483648
116.635	101	334	131	353	-30	-19	-2147483648	-2147483648
116.779	101	356	122	359	-21	-3	-2147483648	-2147483648
116.963	100	357	121	356	-21	1	-2147483648	-2147483648
117.122	0	0	86	303	-21	1	-2147483648	-2147483648
117.267	0	0	93	314	-21	1	-2147483648	-2147483648
117.446	178	239	97	314	81	-75	-2147483648	-2147483648
117.631	55	188	100	307	-45	-119	-2147483648	-2147483648
117.767	0	0	107	305	-45	-119	-2147483648	-2147483648
117.911	71	212	112	302	-41	-90	-2147483648	-2147483648
118.077	83	213	122	297	-39	-84	-2147483648	-2147483648
118.236	88	221	130	311	-42	-90	-2147483648	-2147483648
118.399	91	235	131	324	-40	-89	-2147483648	-2147483648
118.571	106	232	147	325	-41	-93	-2147483648	-2147483648
118.789	131	250	170	339	-39	-89	-2147483648	-2147483648
118.955	0	0	194	346	-39	-89	-2147483648	-2147483648
119.150	176	254	208	345	-32	-91	-2147483648	-2147483648
119.326	186	252	218	344	-32	-92	-2147483648	-2147483648
119.487	203	253	230	350	-27	-97	-2147483648	-2147483648
119.669	226	187	244	343	-18	-156	-2147483648	-2147483648
119.880	234	237	263	333	-29	-96	-2147483648	-2147483648
120.048	360	241	318	323	42	-82	-2147483648	-2147483648
120.221	375	242	329	324	46	-82	-2147483648	-2147483648
120.394	357	253	313	336	44	-83	-2147483648	-2147483648
120.534	0	0	317	321	44	-83	-2147483648	-2147483648
120.715	207	174	307	318	-100	-144	-2147483648	-2147483648
120.890	336	234	308	308	28	-74	-2147483648	-2147483648
121.068	361	246	306	303	55	-57	-2147483648	-2147483648
121.251	339	263	305	338	34	-75	-2147483648	-2147483648
121.499	255	279	313	385	-58	-106	-2147483648	-2147483648
121.719	289	357	299	426	-10	-69	-2147483648	-2147483648
121.964	167	286	240	436	-73	-150	-2147483648	-2147483648
122.150	193	362	239	432	-46	-70	-2147483648	-2147483648
122.288	0	0	236	432	-46	-70	-2147483648	-2147483648
122.456	192	356	237	433	-45	-77	-2147483648	-2147483648
122.667	0	0	286	423	-45	-77	-2147483648	-2147483648
122.843	203	277	274	411	-71	-134	-2147483648	-2147483648
123.054	238	340	251	419	-13	-79	-2147483648	-2147483648
123.197	183	323	221	415	-38	-92	-2147483648	-2147483648
123.356	182	327	218	412	-36	-85	-2147483648	-2147483648
123.547	188	302	225	394	-37	-92	-2147483648	-2147483648
123.720	177	285	237	369	-60	-84	-2147483648	-2147483648
123.868	0	0	242	382	-60	-84	-2147483648	-2147483648
124.042	210	305	253	400	-43	-95	-2147483648	-2147483648
124.279	216	305	255	407	-39	-102	-2147483648	-2147483648
124.431	228	333	270	432	-42	-99	-2147483648	-2147483648
124.701	230	351	276	439	-46	-88	-2147483648	-2147483648
124.867	224	348	125	227	99	121	-2147483648	-2147483648
125.046	212	385	115	207	97	178	-2147483648	-2147483648
125.194	194	346	244	435	-50	-89	-2147483648	-2147483648
125.343	207	342	250	441	-43	-99	-2147483648	-2147483648
125.567	242	293	286	426	-44	-133	-2147483648	-2147483648
125.750	262	295	254	390	8	-95	-2147483648	-2147483648
125.944	165	214	195	317	-30	-103	-2147483648	-2147483648
126.126	103	233	162	324	-59	-91	-2147483648	-2147483648
126.271	98	236	157	323	-59	-87	-2147483648	-2147483648
126.418	107	229	160	321	-53	-92	-2147483648	-2147483648
126.603	102	192	167	315	-65	-123	-2147483648	-2147483648
126.793	141	242	180	330	-39	-88	-2147483648	-2147483648
126.932	173	276	204	356	-31	-80	-2147483648	-2147483648
127.116	162	283	199	359	-37	-76	-2147483648	-2147483648
127.281	182	284	210	371	-28	-87	-2147483648	-2147483648
127.468	175	284	266	372	-91	-88	-2147483648	-2147483648
127.683	257	256	268	368	-11	-112	-2147483648	-2147483648
127.884	269	301	253	369	16	-68	-2147483648	-2147483648
128.031	247	299	241	366	6	-67	-2147483648	-2147483648
128.184	230	303	230	363	0	-60	-2147483648	-2147483648
128.325	217	303	225	372	-8	-69	-2147483648	-2147483648
128.534	205	310	220	363	-15	-53	-2147483648	-2147483648
128.731	215	314	225	369	-10	-55	-2147483648	-2147483648
128.930	219	316	227	371	-8	-55	-2147483648	-2147483648
129.100	224	309	230	369	-6	-60	-2147483648	-2147483648
129.279	222	308	227	365	-5	-57	-2147483648	-2147483648
129.418	157	313	196	378	-39	-65	-2147483648	-2147483648
129.567	145	317	191	375	-46	-58	-2147483648	-2147483648
129.743	148	312	190	372	-42	-60	-2147483648	-2147483648
129.884	151	311	189	366	-38	-55	-2147483648	-2147483648
130.067	178	305	201	368	-23	-63	-2147483648	-2147483648
130.205	178	303	204	359	-26	-56	-2147483648	-2147483648
130.345	183	297	206	369	-23	-72	-2147483648	-2147483648
130.491	217	292	223	365	-6	-73	-2147483648	-2147483648
130.679	215	293	222	362	-7	-69	-2147483648	-2147483648
130.833	153	288	188	358	-35	-70	-2147483648	-2147483648
130.978	152	295	192	369	-40	-74	-2147483648	-2147483648
131.120	161	288	193	364	-32	-76	-2147483648	-2147483648
131.260	161	291	194	359	-33	-68	-2147483648	-2147483648
131.429	163	290	195	363	-32	-73	-2147483648	-2147483648
131.635	167	287	196	357	-29	-70	-2147483648	-2147483648
131.786	0	0	206	364	-29	-70	-2147483648	-2147483648
131.955	200	282	213	364	-13	-82	-2147483648	-2147483648
132.103	201	280	212	362	-11	-82	-2147483648	-2147483648
132.251	0	0	226	357	-11	-82	-2147483648	-2147483648
132.400	225	280	227	361	-2	-81	-2147483648	-2147483648
132.541	222	283	224	352	-2	-69	-2147483648	-2147483648
132.704	224	286	225	359	-1	-73	-2147483648	-2147483648
132.865	224	284	225	357	-1	-73	-2147483648	-2147483648
133.039	223	286	224	357	-1	-71	-2147483648	-2147483648
133.191	224	284	225	361	-1	-77	-2147483648	-2147483648
133.353	0	0	189	359	-1	-77	-2147483648	-2147483648
133.517	167	284	195	359	-28	-75	-2147483648	-2147483648
133.671	162	285	194	359	-32	-74	-2147483648	-2147483648
133.825	196	282	211	362	-15	-80	-2147483648	-2147483648
133.966	191	287	209	362	-18	-75	-2147483648	-2147483648
134.169	187	289	211	358	-24	-69	-2147483648	-2147483648
134.356	205	287	216	355	-11	-68	-2147483648	-2147483648
134.525	203	293	215	363	-12	-70	-2147483648	-2147483648
134.669	196	296	213	357	-17	-61	-2147483648	-2147483648
134.830	195	296	211	364	-16	-68	-2147483648	-2147483648
134.975	194	290	210	360	-16	-70	-2147483648	-2147483648
135.113	196	294	211	367	-15	-73	-2147483648	-2147483648
135.260	199	296	211	364	-12	-68	-2147483648	-2147483648
135.406	162	303	194	362	-32	-59	-2147483648	-2147483648
135.558	138	309	180	369	-42	-60	-2147483648	-2147483648
135.707	138	306	181	370	-43	-64	-2147483648	-2147483648
135.893	148	302	184	365	-36	-63	-2147483648	-2147483648
136.049	147	299	184	361	-37	-62	-2147483648	-2147483648
136.192	147	301	185	361	-38	-60	-2147483648	-2147483648
136.329	145	298	183	368	-38	-70	-2147483648	-2147483648
136.474	0	0	220	347	-38	-70	-2147483648	-2147483648
136.655	92	309	232	343	-140	-34	-2147483648	-2147483648
136.834	157	291	189	359	-32	-68	-2147483648	-2147483648
137.017	132	306	178	368	-46	-62	-2147483648	-2147483648
137.236	134	310	178	367	-44	-57	-2147483648	-2147483648
137.376	132	311	178	370	-46	-59	-2147483648	-2147483648
137.518	135	312	177	365	-42	-53	-2147483648	-2147483648
137.695	134	314	177	376	-43	-62	-2147483648	-2147483648
137.863	134	318	177	365	-43	-47	-2147483648	-2147483648
138.030	136	322	178	372	-42	-50	-2147483648	-2147483648
138.196	158	300	190	366	-32	-66	-2147483648	-2147483648
138.339	159	304	190	364	-31	-60	-2147483648	-2147483648
138.483	163	298	191	358	-28	-60	-2147483648	-2147483648
138.632	159	297	192	364	-33	-67	-2147483648	-2147483648
138.772	163	300	192	365	-29	-65	-2147483648	-2147483648
138.933	171	300	197	360	-26	-60	-2147483648	-2147483648
139.084	172	295	197	365	-25	-70	-2147483648	-2147483648
139.271	140	311	181	369	-41	-58	-2147483648	-2147483648
139.412	135	308	179	364	-44	-56	-2147483648	-2147483648
139.560	138	308	179	360	-41	-52	-2147483648	-2147483648
139.723	138	310	177	370	-39	-60	-2147483648	-2147483648
139.879	135	310	176	370	-41	-60	-2147483648	-2147483648
140.026	134	307	174	364	-40	-57	-2147483648	-2147483648
140.163	137	305	174	359	-37	-54	-2147483648	-2147483648
140.319	132	304	172	362	-40	-58	-2147483648	-2147483648
140.467	142	313	175	366	-33	-53	-2147483648	-2147483648
140.661	137	315	174	363	-37	-48	-2147483648	-2147483648
140.804	134	315	173	361	-39	-46	-2147483648	-2147483648
140.966	158	304	184	357	-26	-53	-2147483648	-2147483648
141.116	159	298	186	362	-27	-64	-2147483648	-2147483648
141.283	154	295	184	361	-30	-66	-2147483648	-2147483648
141.488	191	359	190	340	1	19	-2147483648	-2147483648
141.659	177	277	196	342	-19	-65	-2147483648	-2147483648
141.847	190	271	199	338	-9	-67	-2147483648	-2147483648
141.990	140	270	170	330	-30	-60	-2147483648	-2147483648
142.157	133	259	165	329	-32	-70	-2147483648	-2147483648
142.312	129	253	159	323	-30	-70	-2147483648	-2147483648
142.502	136	251	164	319	-28	-68	-2147483648	-2147483648
142.706	124	209	162	315	-38	-106	-2147483648	-2147483648
142.849	94	217	144	301	-50	-84	-2147483648	-2147483648
143.019	99	213	145	309	-46	-96	-2147483648	-2147483648
143.291	128	164	146	302	-18	-138	-2147483648	-2147483648
143.472	211	163	149	304	62	-141	-2147483648	-2147483648
143.675	0	0	107	137	62	-141	-2147483648	-2147483648
143.915	155	266	137	126	18	140	-2147483648	-2147483648
144.083	229	240	211	316	18	-76	-2147483648	-2147483648
144.263	228	243	213	326	15	-83	-2147483648	-2147483648
144.448	218	254	208	325	10	-71	-2147483648	-2147483648
144.588	0	0	221	325	10	-71	-2147483648	-2147483648
144.771	252	270	232	386	20	-116	-2147483648	-2147483648
144.940	228	248	232	384	-4	-136	-2147483648	-2147483648
145.162	294	166	91	162	203	4	-2147483648	-2147483648
145.353	231	256	165	122	66	134	-2147483648	-2147483648
145.591	233	264	222	332	11	-68	-2147483648	-2147483648
145.774	226	208	212	332	14	-124	-2147483648	-2147483648
145.946	203	250	203	327	0	-77	-2147483648	-2147483648
146.119	184	248	193	325	-9	-77	-2147483648	-2147483648
146.269	175	247	189	323	-14	-76	-2147483648	-2147483648
146.417	176	247	188	331	-12	-84	-2147483648	-2147483648
146.570	178	254	188	328	-10	-74	-2147483648	-2147483648
146.721	174	250	187	324	-13	-74	-2147483648	-2147483648
146.879	174	252	186	323	-12	-71	-2147483648	-2147483648
147.020	0	0	186	328	-12	-71	-2147483648	-2147483648
147.177	166	251	185	325	-19	-74	-2147483648	-2147483648
147.347	168	247	184	324	-16	-77	-2147483648	-2147483648
147.494	168	254	184	328	-16	-74	-2147483648	-2147483648
147.663	173	246	184	328	-11	-82	-2147483648	-2147483648
147.808	167	251	184	328	-17	-77	-2147483648	-2147483648
147.984	165	248	184	322	-19	-74	-2147483648	-2147483648
148.129	156	255	171	330	-15	-75	-2147483648	-2147483648
148.267	144	239	168	325	-24	-86	-2147483648	-2147483648
148.413	148	244	172	324	-24	-80	-2147483648	-2147483648
148.591	147	241	173	329	-26	-88	-2147483648	-2147483648
148.784	0	0	171	329	-26	-88	-2147483648	-2147483648
148.968	140	230	171	319	-31	-89	-2147483648	-2147483648
149.119	138	233	171	325	-33	-92	-2147483648	-2147483648
149.273	139	233	172	321	-33	-88	-2147483648	-2147483648
149.433	0	0	97	116	-33	-88	-2147483648	-2147483648
149.618	0	0	96	114	-33	-88	-2147483648	-2147483648
149.841	130	281	96	114	34	167	-2147483648	-2147483648
Ahoy!: The calibration point was not set because the point-calculation failed.
149.987	0	0	182	340	34	167	-2147483648	-2147483648
150.164	304	204	178	340	126	-136	-2147483648	-2147483648
150.315	156	231	179	326	-23	-95	-2147483648	-2147483648
150.486	147	233	174	326	-27	-93	-2147483648	-2147483648
150.671	139	238	170	327	-31	-89	-2147483648	-2147483648
150.853	135	201	174	324	-39	-123	-2147483648	-2147483648
150.990	0	0	182	339	-39	-123	-2147483648	-2147483648
151.200	258	194	98	115	160	79	-2147483648	-2147483648
151.371	0	0	178	89	160	79	-2147483648	-2147483648
151.577	0	0	177	88	160	79	-2147483648	-2147483648
Ahoy!: The calibration point was not set because the point-calculation failed.
151.770	342	181	177	91	165	90	-2147483648	-2147483648
151.915	0	0	200	326	165	90	-2147483648	-2147483648
152.098	184	141	194	326	-10	-185	-2147483648	-2147483648
Ahoy!: The calibration point was not set because the point-calculation failed.
152.239	0	0	99	115	-10	-185	-2147483648	-2147483648
152.421	253	174	93	117	160	57	-2147483648	-2147483648
Ahoy!: The calibration point was not set because the point-calculation failed.
152.645	181	202	183	321	-2	-119	-2147483648	-2147483648
152.830	113	213	172	329	-59	-116	-2147483648	-2147483648
Ahoy!: The calibration point was not set because the point-calculation failed.
153.036	157	242	172	328	-15	-86	-2147483648	-2147483648
153.221	145	252	172	330	-27	-78	-2147483648	-2147483648
153.429	145	232	127	334	18	-102	-2147483648	-2147483648
153.623	128	263	157	328	-29	-65	-2147483648	-2147483648
153.783	178	263	181	325	-3	-62	-2147483648	-2147483648
154.004	167	179	216	319	-49	-140	-2147483648	-2147483648
154.190	114	176	223	322	-109	-146	-2147483648	-2147483648
154.366	241	194	233	319	8	-125	-2147483648	-2147483648
154.558	277	206	235	320	42	-114	-2147483648	-2147483648
154.735	280	243	229	315	51	-72	-2147483648	-2147483648
154.939	264	200	225	310	39	-110	-2147483648	-2147483648
155.183	224	284	206	316	18	-32	-2147483648	-2147483648
155.334	0	0	208	307	18	-32	-2147483648	-2147483648
155.522	188	200	195	306	-7	-106	-2147483648	-2147483648
155.712	223	226	201	305	22	-79	-2147483648	-2147483648
155.920	286	187	225	307	61	-120	-2147483648	-2147483648
156.111	191	156	217	306	-26	-150	-2147483648	-2147483648
156.292	130	145	46	103	84	42	-2147483648	-2147483648
156.432	0	0	50	98	84	42	-2147483648	-2147483648
156.613	219	195	96	110	123	85	-2147483648	-2147483648
156.775	270	23