Timestamp (seconds)	 pupil X	 pupil Y	 Scene X	 Scene Y
Timestamp (seconds)	 a	 pupil b	 centerx	 centery	 theta
0.223	0	0	-1	-1	0	0	0	0
0.327	0	0	137	4	0	0	0	0
0.440	0	0	139	8	0	0	0	0
0.559	0	0	143	1	0	0	0	0
0.714	0	0	144	9	0	0	0	0
0.870	0	0	145	2	0	0	0	0
1.075	175	321	370	119	-195	202	-2147483648	-2147483648
1.291	99	198	287	469	-188	-271	-2147483648	-2147483648
1.499	0	0	-1	-1	-188	-271	-2147483648	-2147483648
1.684	137	374	242	54	-105	320	-2147483648	-2147483648
1.822	0	0	196	478	-105	320	-2147483648	-2147483648
1.966	0	0	161	445	-105	320	-2147483648	-2147483648
2.129	0	0	114	389	-105	320	-2147483648	-2147483648
2.322	147	336	206	446	-59	-110	-2147483648	-2147483648
2.483	0	0	209	444	-59	-110	-2147483648	-2147483648
2.754	0	0	-1	-1	-59	-110	-2147483648	-2147483648
2.993	0	0	-1	-1	-59	-110	-2147483648	-2147483648
3.264	0	0	-1	-1	-59	-110	-2147483648	-2147483648
3.535	0	0	-1	-1	-59	-110	-2147483648	-2147483648
3.661	0	0	196	443	-59	-110	-2147483648	-2147483648
3.862	0	0	-1	-1	-59	-110	-2147483648	-2147483648
4.030	0	0	325	99	-59	-110	-2147483648	-2147483648
4.265	0	0	-1	-1	-59	-110	-2147483648	-2147483648
4.393	0	0	329	100	-59	-110	-2147483648	-2147483648
4.541	0	0	313	99	-59	-110	-2147483648	-2147483648
4.697	0	0	314	94	-59	-110	-2147483648	-2147483648
4.856	0	0	296	98	-59	-110	-2147483648	-2147483648
4.997	0	0	312	98	-59	-110	-2147483648	-2147483648
5.142	0	0	327	97	-59	-110	-2147483648	-2147483648
5.288	0	0	362	98	-59	-110	-2147483648	-2147483648
5.541	0	0	-1	-1	-59	-110	-2147483648	-2147483648
5.669	0	0	329	96	-59	-110	-2147483648	-2147483648
5.803	0	0	358	91	-59	-110	-2147483648	-2147483648
5.943	0	0	292	114	-59	-110	-2147483648	-2147483648
6.085	0	0	175	379	-59	-110	-2147483648	-2147483648
6.229	0	0	197	378	-59	-110	-2147483648	-2147483648
6.380	0	0	177	347	-59	-110	-2147483648	-2147483648
6.537	0	0	286	381	-59	-110	-2147483648	-2147483648
6.681	0	0	254	388	-59	-110	-2147483648	-2147483648
6.864	0	0	-1	-1	-59	-110	-2147483648	-2147483648
7.050	0	0	-1	-1	-59	-110	-2147483648	-2147483648
7.181	0	0	467	92	-59	-110	-2147483648	-2147483648
7.509	0	0	-1	-1	-59	-110	-2147483648	-2147483648
7.647	0	0	249	369	-59	-110	-2147483648	-2147483648
7.791	0	0	347	333	-59	-110	-2147483648	-2147483648
7.947	0	0	424	373	-59	-110	-2147483648	-2147483648
8.142	0	0	-1	-1	-59	-110	-2147483648	-2147483648
8.297	0	0	293	388	-59	-110	-2147483648	-2147483648
8.457	0	0	184	386	-59	-110	-2147483648	-2147483648
8.635	0	0	-1	-1	-59	-110	-2147483648	-2147483648
8.777	0	0	172	292	-59	-110	-2147483648	-2147483648
8.938	0	0	203	196	-59	-110	-2147483648	-2147483648
9.109	0	0	196	176	-59	-110	-2147483648	-2147483648
9.313	320	327	208	131	112	196	-2147483648	-2147483648
9.497	315	319	172	465	143	-146	-2147483648	-2147483648
9.641	0	0	201	455	143	-146	-2147483648	-2147483648
9.886	291	351	225	457	66	-106	-2147483648	-2147483648
10.072	349	337	196	443	153	-106	-2147483648	-2147483648
10.280	304	341	202	443	102	-102	-2147483648	-2147483648
10.487	342	346	171	432	171	-86	-2147483648	-2147483648
10.638	325	331	236	435	89	-104	-2147483648	-2147483648
10.869	328	287	181	208	147	79	-2147483648	-2147483648
11.046	328	329	236	429	92	-100	-2147483648	-2147483648
11.258	342	296	244	417	98	-121	-2147483648	-2147483648
11.452	321	314	238	426	83	-112	-2147483648	-2147483648
11.575	0	0	217	400	83	-112	-2147483648	-2147483648
11.704	0	0	221	405	83	-112	-2147483648	-2147483648
11.927	274	304	240	435	34	-131	-2147483648	-2147483648
12.119	334	295	252	427	82	-132	-2147483648	-2147483648
12.293	327	292	194	440	133	-148	-2147483648	-2147483648
12.486	359	346	180	433	179	-87	-2147483648	-2147483648
12.645	335	292	285	475	50	-183	-2147483648	-2147483648
12.772	0	0	194	439	50	-183	-2147483648	-2147483648
12.933	343	300	193	440	150	-140	-2147483648	-2147483648
13.125	339	337	195	443	144	-106	-2147483648	-2147483648
13.255	0	0	194	444	144	-106	-2147483648	-2147483648
13.387	0	0	193	443	144	-106	-2147483648	-2147483648
13.549	347	335	194	443	153	-108	-2147483648	-2147483648
13.745	301	241	199	441	102	-200	-2147483648	-2147483648
13.917	308	324	165	389	143	-65	-2147483648	-2147483648
14.053	330	320	244	420	86	-100	-2147483648	-2147483648
14.193	333	347	232	440	101	-93	-2147483648	-2147483648
14.335	0	0	228	444	101	-93	-2147483648	-2147483648
14.518	351	350	223	448	128	-98	-2147483648	-2147483648
14.736	283	256	202	441	81	-185	-2147483648	-2147483648
14.931	320	268	134	217	186	51	-2147483648	-2147483648
15.123	344	297	248	416	96	-119	-2147483648	-2147483648
15.281	332	277	260	419	72	-142	-2147483648	-2147483648
15.444	247	300	257	421	-10	-121	-2147483648	-2147483648
15.602	267	285	257	426	10	-141	-2147483648	-2147483648
15.779	255	298	257	426	-2	-128	-2147483648	-2147483648
15.932	325	351	257	422	68	-71	-2147483648	-2147483648
16.061	327	384	256	422	71	-38	-2147483648	-2147483648
16.196	334	384	255	424	79	-40	-2147483648	-2147483648
16.332	330	387	256	428	74	-41	-2147483648	-2147483648
16.485	354	390	262	423	92	-33	-2147483648	-2147483648
16.717	276	365	230	416	46	-51	-2147483648	-2147483648
16.856	288	369	235	414	53	-45	-2147483648	-2147483648
17.047	295	312	235	401	60	-89	-2147483648	-2147483648
17.208	306	322	231	409	75	-87	-2147483648	-2147483648
17.347	300	316	228	418	72	-102	-2147483648	-2147483648
17.496	303	308	229	415	74	-107	-2147483648	-2147483648
17.650	0	0	235	407	74	-107	-2147483648	-2147483648
17.862	309	339	244	409	65	-70	-2147483648	-2147483648
18.007	0	0	242	406	65	-70	-2147483648	-2147483648
18.169	302	328	239	409	63	-81	-2147483648	-2147483648
18.322	302	335	238	410	64	-75	-2147483648	-2147483648
18.490	304	327	238	402	66	-75	-2147483648	-2147483648
18.656	306	324	237	407	69	-83	-2147483648	-2147483648
18.810	306	325	238	398	68	-73	-2147483648	-2147483648
18.949	306	326	238	398	68	-72	-2147483648	-2147483648
19.093	303	326	237	402	66	-76	-2147483648	-2147483648
19.254	335	367	254	421	81	-54	-2147483648	-2147483648
19.421	336	365	254	415	82	-50	-2147483648	-2147483648
19.561	0	0	250	414	82	-50	-2147483648	-2147483648
19.715	321	354	248	405	73	-51	-2147483648	-2147483648
19.914	320	352	246	405	74	-53	-2147483648	-2147483648
20.065	309	367	246	416	63	-49	-2147483648	-2147483648
20.212	310	370	244	415	66	-45	-2147483648	-2147483648
20.427	276	320	227	397	49	-77	-2147483648	-2147483648
20.561	278	311	225	401	53	-90	-2147483648	-2147483648
20.743	289	323	227	405	62	-82	-2147483648	-2147483648
20.906	306	320	230	410	76	-90	-2147483648	-2147483648
21.067	324	336	233	419	91	-83	-2147483648	-2147483648
21.237	320	360	219	457	101	-97	-2147483648	-2147483648
21.434	354	367	216	465	138	-98	-2147483648	-2147483648
21.569	363	351	229	441	134	-90	-2147483648	-2147483648
21.798	361	373	-1	-1	362	374	-2147483648	-2147483648
21.936	332	335	219	451	113	-116	-2147483648	-2147483648
22.099	304	316	239	420	65	-104	-2147483648	-2147483648
22.265	314	353	242	413	72	-60	-2147483648	-2147483648
22.456	324	350	244	415	80	-65	-2147483648	-2147483648
22.664	311	270	216	458	95	-188	-2147483648	-2147483648
22.807	0	0	241	418	95	-188	-2147483648	-2147483648
23.010	344	351	246	410	98	-59	-2147483648	-2147483648
23.149	0	0	316	416	98	-59	-2147483648	-2147483648
23.292	0	0	324	476	98	-59	-2147483648	-2147483648
23.437	0	0	313	450	98	-59	-2147483648	-2147483648
23.595	0	0	196	204	98	-59	-2147483648	-2147483648
23.817	0	0	249	472	98	-59	-2147483648	-2147483648
23.961	0	0	217	435	98	-59	-2147483648	-2147483648
24.101	0	0	190	191	98	-59	-2147483648	-2147483648
24.293	263	278	176	388	87	-110	-2147483648	-2147483648
24.471	303	274	192	426	111	-152	-2147483648	-2147483648
24.662	295	359	191	420	104	-61	-2147483648	-2147483648
24.906	333	342	203	447	130	-105	-2147483648	-2147483648
25.080	366	293	206	454	160	-161	-2147483648	-2147483648
25.317	0	0	222	437	160	-161	-2147483648	-2147483648
25.529	0	0	218	439	160	-161	-2147483648	-2147483648
25.710	322	293	218	441	104	-148	-2147483648	-2147483648
25.877	343	340	250	430	93	-90	-2147483648	-2147483648
26.137	310	305	-1	-1	311	306	-2147483648	-2147483648
26.298	343	343	231	429	112	-86	-2147483648	-2147483648
26.532	341	344	-1	-1	342	345	-2147483648	-2147483648
26.689	349	351	211	449	138	-98	-2147483648	-2147483648
26.844	340	348	238	422	102	-74	-2147483648	-2147483648
27.086	361	362	-1	-1	362	363	-2147483648	-2147483648
27.265	342	351	246	422	96	-71	-2147483648	-2147483648
27.406	373	336	254	433	119	-97	-2147483648	-2147483648
27.683	357	391	255	432	102	-41	-2147483648	-2147483648
27.814	329	361	243	420	86	-59	-2147483648	-2147483648
27.966	328	382	248	412	80	-30	-2147483648	-2147483648
28.130	293	356	235	412	58	-56	-2147483648	-2147483648
28.293	293	354	236	401	57	-47	-2147483648	-2147483648
28.486	316	333	228	427	88	-94	-2147483648	-2147483648
28.617	0	0	182	411	88	-94	-2147483648	-2147483648
28.810	334	297	178	405	156	-108	-2147483648	-2147483648
28.988	348	351	187	428	161	-77	-2147483648	-2147483648
29.122	307	300	201	477	106	-177	-2147483648	-2147483648
29.279	0	0	254	444	106	-177	-2147483648	-2147483648
29.490	348	309	251	415	97	-106	-2147483648	-2147483648
29.677	318	322	250	424	68	-102	-2147483648	-2147483648
29.815	326	372	252	417	74	-45	-2147483648	-2147483648
29.985	354	391	252	416	102	-25	-2147483648	-2147483648
30.138	322	359	248	410	74	-51	-2147483648	-2147483648
30.301	317	347	244	416	73	-69	-2147483648	-2147483648
30.458	302	318	225	421	77	-103	-2147483648	-2147483648
30.649	385	354	246	424	139	-70	-2147483648	-2147483648
30.770	0	0	252	418	139	-70	-2147483648	-2147483648
30.906	339	367	253	421	86	-54	-2147483648	-2147483648
31.092	358	320	249	419	109	-99	-2147483648	-2147483648
31.268	333	358	249	415	84	-57	-2147483648	-2147483648
31.403	0	0	250	421	84	-57	-2147483648	-2147483648
31.545	326	363	250	410	76	-47	-2147483648	-2147483648
31.696	324	361	249	412	75	-51	-2147483648	-2147483648
31.842	325	360	249	414	76	-54	-2147483648	-2147483648
32.023	325	362	248	420	77	-58	-2147483648	-2147483648
32.169	328	363	250	411	78	-48	-2147483648	-2147483648
32.320	0	0	247	415	78	-48	-2147483648	-2147483648
32.469	323	362	246	419	77	-57	-2147483648	-2147483648
32.646	318	363	247	420	71	-57	-2147483648	-2147483648
32.815	308	343	241	412	67	-69	-2147483648	-2147483648
32.964	309	349	240	406	69	-57	-2147483648	-2147483648
33.103	297	332	235	408	62	-76	-2147483648	-2147483648
33.237	285	311	234	409	51	-98	-2147483648	-2147483648
33.381	299	331	233	405	66	-74	-2147483648	-2147483648
33.560	290	327	230	400	60	-73	-2147483648	-2147483648
33.729	286	328	230	405	56	-77	-2147483648	-2147483648
33.977	295	330	233	408	62	-78	-2147483648	-2147483648
34.199	311	254	241	405	70	-151	-2147483648	-2147483648
34.419	385	362	195	220	190	142	-2147483648	-2147483648
34.619	364	324	283	477	81	-153	-2147483648	-2147483648
34.762	264	295	218	402	46	-107	-2147483648	-2147483648
34.889	273	297	216	403	57	-106	-2147483648	-2147483648
35.066	273	288	164	175	109	113	-2147483648	-2147483648
35.214	0	0	135	397	109	113	-2147483648	-2147483648
35.421	332	232	189	406	143	-174	-2147483648	-2147483648
35.597	301	313	206	366	95	-53	-2147483648	-2147483648
35.767	332	136	189	415	143	-279	-2147483648	-2147483648
35.937	298	177	185	259	113	-82	-2147483648	-2147483648
36.107	291	282	202	307	89	-25	-2147483648	-2147483648
36.290	317	273	191	403	126	-130	-2147483648	-2147483648
36.468	301	259	190	414	111	-155	-2147483648	-2147483648
36.639	291	249	196	408	95	-159	-2147483648	-2147483648
36.809	303	260	204	396	99	-136	-2147483648	-2147483648
36.978	313	309	210	393	103	-84	-2147483648	-2147483648
37.168	413	354	260	451	153	-97	-2147483648	-2147483648
37.328	0	0	285	475	153	-97	-2147483648	-2147483648
37.482	0	0	285	476	153	-97	-2147483648	-2147483648
37.690	334	286	311	464	23	-178	-2147483648	-2147483648
37.817	0	0	215	406	23	-178	-2147483648	-2147483648
38.105	234	285	203	401	31	-116	-2147483648	-2147483648
38.325	285	290	87	220	198	70	-2147483648	-2147483648
38.539	324	302	139	436	185	-134	-2147483648	-2147483648
38.721	427	330	260	448	167	-118	-2147483648	-2147483648
38.869	448	371	284	465	164	-94	-2147483648	-2147483648
39.019	429	371	309	458	120	-87	-2147483648	-2147483648
39.155	0	0	285	471	120	-87	-2147483648	-2147483648
39.350	250	283	291	475	-41	-192	-2147483648	-2147483648
Ahoy!: The calibration point was not set because the point-calculation failed.
39.539	219	286	199	395	20	-109	-2147483648	-2147483648
39.776	0	0	215	398	20	-109	-2147483648	-2147483648
39.918	0	0	89	241	20	-109	-2147483648	-2147483648
40.101	0	0	86	230	20	-109	-2147483648	-2147483648
40.310	0	0	87	227	20	-109	-2147483648	-2147483648
40.529	279	171	86	228	193	-57	-2147483648	-2147483648
40.673	0	0	160	145	193	-57	-2147483648	-2147483648
40.885	261	221	141	147	120	74	-2147483648	-2147483648
41.136	251	283	-1	-1	252	284	-2147483648	-2147483648
41.320	297	186	114	432	183	-246	-2147483648	-2147483648
41.503	258	300	155	192	103	108	-2147483648	-2147483648
41.692	266	321	213	400	53	-79	-2147483648	-2147483648
41.911	263	292	215	403	48	-111	-2147483648	-2147483648
42.047	264	297	213	405	51	-108	-2147483648	-2147483648
calibration points number: 1 (total 9)
42.192	249	280	214	404	35	-124	-2147483648	-2147483648
42.447	259	293	216	402	43	-109	-2147483648	-2147483648
42.591	0	0	129	438	43	-109	-2147483648	-2147483648
42.786	219	171	128	439	91	-268	-2147483648	-2147483648
42.920	0	0	138	312	91	-268	-2147483648	-2147483648
43.121	0	0	79	216	91	-268	-2147483648	-2147483648
43.278	0	0	80	217	91	-268	-2147483648	-2147483648
43.457	260	172	80	219	180	-47	-2147483648	-2147483648
43.623	270	125	126	302	144	-177	-2147483648	-2147483648
43.836	277	138	150	2	127	136	-2147483648	-2147483648
43.996	307	174	136	2	171	172	-2147483648	-2147483648
44.123	0	0	159	213	171	172	-2147483648	-2147483648
44.278	229	295	166	184	63	111	-2147483648	-2147483648
44.435	226	289	198	400	28	-111	-2147483648	-2147483648
44.586	0	0	198	393	28	-111	-2147483648	-2147483648
Ahoy!: The calibration point was not set because the point-calculation failed.
44.738	223	288	198	395	25	-107	-2147483648	-2147483648
44.900	219	291	198	399	21	-108	-2147483648	-2147483648
45.091	228	187	88	210	140	-23	-2147483648	-2147483648
45.294	312	190	104	205	208	-15	-2147483648	-2147483648
45.460	220	176	164	325	56	-149	-2147483648	-2147483648
45.641	232	221	79	215	153	6	-2147483648	-2147483648
45.829	178	181	83	215	95	-34	-2147483648	-2147483648
46.026	199	179	78	216	121	-37	-2147483648	-2147483648
calibration points number: 2 (total 9)
46.193	244	205	58	223	186	-18	-2147483648	-2147483648
46.321	0	0	154	339	186	-18	-2147483648	-2147483648
46.550	202	192	96	213	106	-21	-2147483648	-2147483648
46.723	182	179	55	230	127	-51	-2147483648	-2147483648
46.886	320	305	50	238	270	67	-2147483648	-2147483648
47.050	359	320	234	409	125	-89	-2147483648	-2147483648
47.175	0	0	243	468	125	-89	-2147483648	-2147483648
47.321	0	0	216	469	125	-89	-2147483648	-2147483648
47.490	0	0	231	463	125	-89	-2147483648	-2147483648
47.628	0	0	285	469	125	-89	-2147483648	-2147483648
47.761	0	0	218	175	125	-89	-2147483648	-2147483648
47.925	364	289	230	469	134	-180	-2147483648	-2147483648
48.079	0	0	215	148	134	-180	-2147483648	-2147483648
48.228	0	0	225	438	134	-180	-2147483648	-2147483648
48.364	0	0	345	367	134	-180	-2147483648	-2147483648
48.514	0	0	338	387	134	-180	-2147483648	-2147483648
48.664	0	0	294	387	134	-180	-2147483648	-2147483648
48.813	0	0	471	351	134	-180	-2147483648	-2147483648
48.965	0	0	178	94	134	-180	-2147483648	-2147483648
49.139	0	0	172	111	134	-180	-2147483648	-2147483648
49.456	0	0	-1	-1	134	-180	-2147483648	-2147483648
49.582	0	0	303	378	134	-180	-2147483648	-2147483648
49.735	0	0	333	344	134	-180	-2147483648	-2147483648
49.872	0	0	363	365	134	-180	-2147483648	-2147483648
49.999	0	0	212	383	134	-180	-2147483648	-2147483648
50.358	0	0	-1	-1	134	-180	-2147483648	-2147483648
50.676	0	0	-1	-1	134	-180	-2147483648	-2147483648
50.811	0	0	179	111	134	-180	-2147483648	-2147483648
51.065	0	0	-1	-1	134	-180	-2147483648	-2147483648
51.190	0	0	385	367	134	-180	-2147483648	-2147483648
51.338	0	0	179	367	134	-180	-2147483648	-2147483648
51.482	0	0	175	368	134	-180	-2147483648	-2147483648
51.651	0	0	467	380	134	-180	-2147483648	-2147483648
51.830	339	173	467	380	-128	-207	-2147483648	-2147483648
51.962	0	0	462	318	-128	-207	-2147483648	-2147483648
52.151	218	211	417	319	-199	-108	-2147483648	-2147483648
52.465	295	168	-1	-1	296	169	-2147483648	-2147483648
52.610	287	178	431	236	-144	-58	-2147483648	-2147483648
52.748	0	0	315	51	-144	-58	-2147483648	-2147483648
52.875	0	0	400	57	-144	-58	-2147483648	-2147483648
53.075	141	220	284	327	-143	-107	-2147483648	-2147483648
53.284	238	188	55	311	183	-123	-2147483648	-2147483648
53.465	223	213	95	321	128	-108	-2147483648	-2147483648
53.636	188	186	82	352	106	-166	-2147483648	-2147483648
53.838	238	188	64	331	174	-143	-2147483648	-2147483648
54.002	318	286	350	110	-32	176	-2147483648	-2147483648
54.127	0	0	279	385	-32	176	-2147483648	-2147483648
54.258	0	0	294	410	-32	176	-2147483648	-2147483648
54.408	0	0	391	321	-32	176	-2147483648	-2147483648
54.621	298	326	408	411	-110	-85	-2147483648	-2147483648
54.793	0	0	348	411	-110	-85	-2147483648	-2147483648
55.012	262	273	349	328	-87	-55	-2147483648	-2147483648
